0 0.20078125 0.46015625 0.125 0.17890625
0 0.3171875 0.46875 0.0984375 0.17890625
0 0.42890625 0.46875 0.10703125 0.16953125
0 0.5578125 0.46875 0.0890625 0.17890625
0 0.65625 0.484375 0.0984375 0.20078125
0 0.77421875 0.48203125 0.11171875 0.20546875
0 0.21171875 0.78984375 0.09375 0.16953125
0 0.3171875 0.81015625 0.0984375 0.1828125
0 0.51328125 0.85234375 0.10703125 0.19609375
0 0.63203125 0.859375 0.10234375 0.1828125
0 0.1921875 0.08515625 0.11640625 0.16953125
0 0.515625 0.078125 0.13828125 0.15625